[camera-001]
name = "camera-001"
size = [ 2448, 2048]
matrix = [ [ 2341.9106421179367, 0.0, 1244.8680086374536], [ 0.0, 2342.035400559242, 1053.3514421158045], [ 0.0, 0.0, 1.0]]
distortions = [ -0.0727005824, 0.116727851, -0.000133645532, 0.000700489327]
rotation = [ 0.006733747523137849, -2.2447725120296744, 2.186599040027002]
translation = [ 0.166060969, 0.142669573, 0.00279352302]
fisheye = false

[camera-011]
name = "camera-011"
size = [ 2448, 2048]
matrix = [ [ 2355.7874876627934, 0.0, 1252.0194469913743], [ 0.0, 2355.471531343168, 1036.5298549788058], [ 0.0, 0.0, 1.0]]
distortions = [ -0.0764651448, 0.132425115, -0.0003833464, 0.000779841444]
rotation = [ 0.008328639015577554, -2.2265746405518794, 2.2124801333556983]
translation = [ -0.165290341, -0.145105451, -0.00198708521]
fisheye = false

[camera-012]
name = "camera-012"
size = [ 2448, 2048]
matrix = [ [ 2347.9934649822185, 0.0, 1234.3038605005825], [ 0.0, 2350.9099279291204, 1040.7973404833647], [ 0.0, 0.0, 1.0]]
distortions = [ -0.0688878074, 0.107360147, -0.000141161989, -0.000342344894]
rotation = [ 0.8165176313900001, 1.7528966066219578, -1.8689988357655225]
translation = [ 2.14275765, 0.0625765473, 0.740129232]
fisheye = false

[camera-022]
name = "camera-022"
size = [ 2448, 2048]
matrix = [ [ 2347.9057961817334, 0.0, 1225.7333116862974], [ 0.0, 2350.8838096321574, 1036.136546765369], [ 0.0, 0.0, 1.0]]
distortions = [ -0.0753360689, 0.128228664, -0.00036441331, 0.000791017897]
rotation = [ 0.8090466573964666, 1.777865464150242, -1.8738453922676022]
translation = [ 1.82420051, -0.240579531, 0.704395771]
fisheye = false

[metadata]
adjusted = false
error = 0.0
